3.000000000000000000e+02 3.000000000000000000e+02
3.000000000000000000e+02 3.000000000000000000e+02
2.955999192769667161e+02 2.955090833623756339e+02
2.986707504865138390e+02 2.884397597154862751e+02
2.930650817958471634e+02 2.840634433516224817e+02
2.982727363033859547e+02 2.801331694487175241e+02
3.061677893640996331e+02 2.910239396250340747e+02
3.123764107150223595e+02 2.866661262455892825e+02
3.167389604654244408e+02 2.814762174047395433e+02
3.178868738582483502e+02 2.924336878470629699e+02
3.070381000418311146e+02 2.996740511361551285e+02
2.954262035066583394e+02 2.739601950301780562e+02
2.977183437698765260e+02 2.677987532063756930e+02
2.881731512816322152e+02 2.952800761440183237e+02
2.885864656808097948e+02 2.715136831594369369e+02
2.920041515694945815e+02 2.639172475347144768e+02
2.946515018266966308e+02 3.048146646747136401e+02
3.013239624586702803e+02 2.621039491546660543e+02
2.879218769186567215e+02 2.574727938769416369e+02
2.819993991858675031e+02 2.962053705055693626e+02
2.803873634597159707e+02 2.549446599703755396e+02
2.748012872272859681e+02 2.941630751500875363e+02
2.753910153027925958e+02 2.504238369252961434e+02
3.226830504771569395e+02 2.834035880968402807e+02
3.295480076407661159e+02 2.819265470341051696e+02
3.351178645755197749e+02 2.771514051132064651e+02
2.821172981789552523e+02 2.684041641163906888e+02
3.013874781413588266e+02 3.087193500271752669e+02
2.703065267805063172e+02 2.987853309350084032e+02
2.799376230460466104e+02 2.452112375664991930e+02
3.046456479969518227e+02 3.142500340028207688e+02
2.644089826550114708e+02 3.027398825244761724e+02
3.098731225718484552e+02 3.179173030416646384e+02
3.122431264681596303e+02 3.251660921519879253e+02
2.567732533755382178e+02 3.030911557577272220e+02
2.840886834517431225e+02 2.410809884564449135e+02
3.081937400318785762e+02 2.603055336671224609e+02
2.867690346551736411e+02 2.336763379417986926e+02
3.227177225283455755e+02 2.968166764627824818e+02
2.936914635680973333e+02 3.108239155541929222e+02
2.811954892235704619e+02 2.283563940970253441e+02
3.102066941421825845e+02 3.305214383198513701e+02
3.011218470412349575e+02 2.559553290884548460e+02
3.341355047148526864e+02 2.697380587369593741e+02
3.064543319958087295e+02 3.368434488758815064e+02
2.926349268576768168e+02 2.327343855003069848e+02
2.703165412581049054e+02 2.888701145004267232e+02
3.013919976300131225e+02 3.428945634427959703e+02
3.162160659988998646e+02 3.357309748205778419e+02
3.425653373892114359e+02 2.743464075902612649e+02
2.945278188323932227e+02 2.252459937682516227e+02
3.163114961752453382e+02 3.190674360722430265e+02
3.066588186747510463e+02 3.478575947329235305e+02
2.745210051697935683e+02 2.245726174503267316e+02
3.120420437228519859e+02 3.511773816889684667e+02
2.768671221786019601e+02 2.724541685669994990e+02
3.484290094199312762e+02 2.694504311541338666e+02
2.637392594757315010e+02 2.914475638392190149e+02
2.539065686748931228e+02 3.093140465652735998e+02
3.483578757178127603e+02 2.770233130323678665e+02
3.008800681883652715e+02 3.485707113378251165e+02
3.539441960142449943e+02 2.768066478063137765e+02
3.202530630618208534e+02 3.316295469075945448e+02
3.500511272428498728e+02 2.844763900245623631e+02
3.004387043754294950e+02 2.265493076605098395e+02
3.125733090430527454e+02 3.579561668044467524e+02
3.025793594919750262e+02 2.192109132870407677e+02
2.599807628013164731e+02 3.119878650151057968e+02
3.616987547411293349e+02 2.781866393036551699e+02
3.000257820476961683e+02 2.122085171426322461e+02
3.676025814171021011e+02 2.761969013763235807e+02
3.010246966452608604e+02 3.558181716193965940e+02
3.261378583498349144e+02 3.326704648479506545e+02
2.565424969833608770e+02 2.894468655276128288e+02
2.929815213883486535e+02 3.494629225532358987e+02
3.244658368545821077e+02 3.039107532620016059e+02
3.309856862553755263e+02 3.378769998168445454e+02
3.187637311953786821e+02 3.629900732725022294e+02
2.982472969522375479e+02 2.055934280229025148e+02
3.243726899686333240e+02 3.668951826728203969e+02
2.856911324810182577e+02 3.525593330079100838e+02
3.295480587860216133e+02 3.019687697235436303e+02
3.188982560667176926e+02 3.714875865839036351e+02
3.158543980686742998e+02 3.774528250187497633e+02
3.736002970129937353e+02 2.770016584123733310e+02
2.650339675829482644e+02 3.178222856096481905e+02
3.262784733914508593e+02 3.738614820648272712e+02
3.066800651462680207e+02 2.504428798328749508e+02
2.808030526139189647e+02 3.560917886906429430e+02
2.476692005744306186e+02 3.128049728801789797e+02
3.373432778121542128e+02 3.350705276797668262e+02
2.967461996569452936e+02 2.002468244828846196e+02
3.130319351312871277e+02 2.458236530644866207e+02
3.639805498534108210e+02 2.824468376246584285e+02
3.087264977585750216e+02 2.166490345178108328e+02
3.274450991876117882e+02 3.816330885510068356e+02
2.506637636729406609e+02 2.930402499950262154e+02
2.955937071417989728e+02 1.927944714989281181e+02
2.673732359615138989e+02 2.280640380276121277e+02
3.026605558166913852e+02 2.001577543843430647e+02
3.319584050399315061e+02 3.694062379585861322e+02
3.365700066119891858e+02 3.637922406304288074e+02
2.872365650081854369e+02 2.233160537276376658e+02
2.433623470669210462e+02 3.169085764828096785e+02
2.388839266823030698e+02 3.222951885478368013e+02
2.753098680237800977e+02 3.612389100251351124e+02
2.316194297036191756e+02 3.216668534291943047e+02
3.099758885594867479e+02 3.770458329203341918e+02
3.284748812571870076e+02 3.878283379830596687e+02
3.041670216725840419e+02 1.925008171083390209e+02
3.684881324381393028e+02 2.888553813388567733e+02
3.482177319250376968e+02 2.645899389212901269e+02
2.886262863475992049e+02 1.952397342668410829e+02
3.170529975813988699e+02 2.428929235227083439e+02
3.125156604936536269e+02 2.363740813778020708e+02
2.660343094194711284e+02 2.245803715328033263e+02
2.371673477566822044e+02 3.298841715321389643e+02
2.586006230086642290e+02 2.256321203918491562e+02
3.796890525181800626e+02 2.804782472478001409e+02
2.451827050310720892e+02 2.983765603081579343e+02
2.453838540267411474e+02 2.872714765691302432e+02
3.659771965115314174e+02 2.684288540237596976e+02
2.816931389955150280e+02 1.952198942540469773e+02
2.966835336387290454e+02 3.601376844936060024e+02
3.118333158214909417e+02 1.929982322869272480e+02
3.804414022811753284e+02 2.867087370396271808e+02
3.255075982601316014e+02 3.103967619052981490e+02
2.857505138830908891e+02 1.880892162204914371e+02
2.660074059747710749e+02 2.166307653077120676e+02
2.402861127993842274e+02 2.901049942814814244e+02
3.044939880886888091e+02 1.847101707359024658e+02
3.347159393773479792e+02 3.856098962119177145e+02
3.147148316323222161e+02 2.178432547767997107e+02
2.406871232701265910e+02 2.826488568885633299e+02
2.260054360219993725e+02 3.177374211494977203e+02
3.192938451282828964e+02 1.940229749934427161e+02
2.608534173682188566e+02 2.167223144005667166e+02
2.719537758665379670e+02 3.659011896492623919e+02
3.141135144635442771e+02 3.824380745192037807e+02
2.335336385083916184e+02 2.808139943288293239e+02
3.269967365199513551e+02 1.919687453706909821e+02
2.689298577575120817e+02 2.731643508916573637e+02
2.535127978218540648e+02 2.163386266429306772e+02
2.806755375427313197e+02 1.856794032544134723e+02
2.194095344156014846e+02 3.198141373721001628e+02
2.460187035365592294e+02 2.149690617050107164e+02
2.278835293940023803e+02 2.857282070822560058e+02
2.230000124063261069e+02 2.903480317748063158e+02
2.745829354935518154e+02 1.964469498621286334e+02
3.118135968712671229e+02 3.868979902586258390e+02
3.409568092573932176e+02 3.399479341907607477e+02
3.480380693769486697e+02 2.593784445451308329e+02
3.031576984578969700e+02 3.755924802318959905e+02
3.019230861107370174e+02 1.814794168937751522e+02
3.822754468176743217e+02 2.752326476793304550e+02
3.892038755852152576e+02 2.769609492821617209e+02
2.959080409148542685e+02 1.764899723716711435e+02
3.365597246706045098e+02 3.928923584420087423e+02
3.259642980706717026e+02 1.844022698368699196e+02
3.071329097324073700e+02 3.922710616329317759e+02
3.114886076809668225e+02 1.822521281762722083e+02
2.687093152067390633e+02 3.573959950354775970e+02
2.164046881763798069e+02 2.879031852133512643e+02
3.084209682344683756e+02 3.984561804724447711e+02
2.641421436776113296e+02 3.646099870157017335e+02
3.391610949586416837e+02 3.992981524734180425e+02
3.255367278066260610e+02 1.773655662126794539e+02
2.564634419919253787e+02 3.625315522484971780e+02
3.969743755078962408e+02 2.777972610146497345e+02
3.016816337601722466e+02 3.907474730574725754e+02
4.010586180958351292e+02 2.837886005954573534e+02
3.065768026406410627e+02 4.057442205196776968e+02
3.024103203376376428e+02 1.743241067880874482e+02
3.990234363044210681e+02 2.710279244284967035e+02
2.309983504305573661e+02 2.754823059035855977e+02
2.999586687141429024e+02 4.094916907549775260e+02
3.127024498956832872e+02 4.054737516350317605e+02
3.032325430922854252e+02 1.663985160822794853e+02
2.124254066207651022e+02 3.206522647727262552e+02
2.077262816548043247e+02 3.227947235972432054e+02
2.329607125588203473e+02 3.361345039779970989e+02
2.207866949364474181e+02 2.819808473883101669e+02
4.065820153260061716e+02 2.704027386467913061e+02
3.313205369647678253e+02 1.753142088782576309e+02
3.011288198459374144e+02 1.592788949520497113e+02
2.406149831384045115e+02 2.187670202902895653e+02
3.932628561551482562e+02 2.855820996061094093e+02
2.969118211556626079e+02 1.553784451617080151e+02
3.533572019428639237e+02 2.559125384877264651e+02
3.475671777695303604e+02 3.371289258492108729e+02
3.455661232584866980e+02 4.037489020985772754e+02
2.907009417215977578e+02 1.531029462728905344e+02
2.645222247090229075e+02 3.721165334981456567e+02
3.344588588127884350e+02 4.030269333234625719e+02
3.403254579773911814e+02 3.814123456725646975e+02
3.603762005549917831e+02 2.528669609792875121e+02
2.693924761737007998e+02 2.452523509642568342e+02
2.375067994645193608e+02 2.115990408063386781e+02
2.922385143263201712e+02 1.464641376705678226e+02
3.485523701939272883e+02 4.072930965212227079e+02
2.051880992529293337e+02 3.166346428857220303e+02
2.453799854525456965e+02 2.072599325262730190e+02
3.478622172210013446e+02 4.118202500948777924e+02
3.413136077530954253e+02 3.743452193273878379e+02
3.108735889989218322e+02 4.118235145695898609e+02
2.888706807062532107e+02 1.409297026092056910e+02
3.307144170491635577e+02 1.983218317027391606e+02
3.007295642002713407e+02 4.158666743462027853e+02
3.438098116646972358e+02 3.857442140171908136e+02
3.552488176690184787e+02 4.032895402976096761e+02
4.121588783442267641e+02 2.693148261457711214e+02
3.634425741918450967e+02 2.464046121565220915e+02
3.123751579845413744e+02 4.180238854886406443e+02
3.547168089900461609e+02 3.345661386062187717e+02
4.199845989645518216e+02 2.697965023393309707e+02
3.624329669245126979e+02 3.359694662742787727e+02
4.227478183917814931e+02 2.625784553195087483e+02
3.699217580790100897e+02 3.376515606938505698e+02
4.045538112256915042e+02 2.887711984703664143e+02
3.747142987279428326e+02 3.428233740288762306e+02
2.819023483512173129e+02 1.415973065722521653e+02
3.688909218588020735e+02 2.453822252592893847e+02
3.074698576342072442e+02 1.593444973347049824e+02
2.613286003826299293e+02 3.785230725090797819e+02
3.752703925858388629e+02 3.333323657136371594e+02
4.070017469654086995e+02 2.961196856001715787e+02
2.071365978703222481e+02 3.093182163570376133e+02
2.953201049690962918e+02 4.199810039259617156e+02
2.752114087842045933e+02 1.376791507157254557e+02
2.422856199686609955e+02 2.002634521383752428e+02
2.561149803442101529e+02 3.834466827246772027e+02
2.600974884752849334e+02 3.865907857357929061e+02
4.198529324036740036e+02 2.771640472120819823e+02
2.987709315978598283e+02 1.459633680048274869e+02
2.302592326379995313e+02 2.122666959141888867e+02
2.931597039393730029e+02 4.272938847651928995e+02
4.258323363050765806e+02 2.565493058238166668e+02
2.763258777190184787e+02 1.305955235695321619e+02
3.168634053919909093e+02 4.217427698409061350e+02
2.259294248414685740e+02 2.170644230833603956e+02
2.114144577309249087e+02 3.284141574933356651e+02
2.496743262337862177e+02 3.788038977560511853e+02
3.052495140833987648e+02 1.436132420297320778e+02
2.979751662149292315e+02 4.321061288184250770e+02
3.260929062536810648e+02 1.700404183204237256e+02
3.066356621485150526e+02 1.361457287395935793e+02
2.082625048057163610e+02 3.341128313851092457e+02
3.791028492376367467e+02 3.478624428480092661e+02
2.521517657274603721e+02 3.896909601665089440e+02
3.070090668047450890e+02 1.295219402646573315e+02
2.627874023211775807e+02 3.935189351788743011e+02
3.054963844692003931e+02 1.231928757446875835e+02
2.870689634075213235e+02 4.321483400982318130e+02
1.980971114645511761e+02 3.182120039563528167e+02
3.364218640610762350e+02 1.812670096355183205e+02
2.674885703163078574e+02 1.381989470412459298e+02
3.146820341257871405e+02 4.291874385465094974e+02
2.794759472071581285e+02 4.342674167788666182e+02
2.186347762059515958e+02 2.191478324359845544e+02
2.080923568611004839e+02 3.413488766612381369e+02
3.748826260813582394e+02 2.458553957742283558e+02
3.525024495902754325e+02 4.167151493670180571e+02
2.568601532477318869e+02 3.979752126508849415e+02
2.013110727092295633e+02 3.045297096670028054e+02
1.909653131330613576e+02 3.188406194680731573e+02
1.832985612784814862e+02 3.183980830981786880e+02
3.476912215761501557e+02 4.207037958502769470e+02
2.818666528658660013e+02 4.416903839655391266e+02
2.840166373778521347e+02 4.466056776724521455e+02
4.058104827327316002e+02 3.039028399750059748e+02
4.266227677045896485e+02 2.756395683262199441e+02
1.850223356810371627e+02 3.116346285607847904e+02
3.952547099595166173e+02 2.925250171961955630e+02
3.321222036406932148e+02 1.654766588703700450e+02
3.205349549970890166e+02 4.175889637703409107e+02
2.201032383728407922e+02 2.130383189816004972e+02
4.128893410815379070e+02 3.013635900766900022e+02
3.105048437285463478e+02 1.173802510299787656e+02
3.088560116299171341e+02 1.106612884306581321e+02
2.372440018039464462e+02 2.253057307559658682e+02
2.794861326741812491e+02 4.525491174629570992e+02
1.763595560695626148e+02 3.160688364932174750e+02
2.755735240467445237e+02 1.227401253605358278e+02
2.452987918922546555e+02 3.925482393295850443e+02
2.532196394084691349e+02 4.050380508828559982e+02
3.321410873454410648e+02 2.054691884935606652e+02
1.700470526039601111e+02 3.184827518203676959e+02
2.421535514045024797e+02 1.927295083009035466e+02
2.816507354651453738e+02 4.578491965558920924e+02
4.314623615291621945e+02 2.786628403021567806e+02
2.431705725271918652e+02 3.982565355969147731e+02
3.147681245139440307e+02 1.229319303040846307e+02
2.693983303885689224e+02 1.278138739165623150e+02
1.946779502388466483e+02 3.005493474519034862e+02
3.159510950845298680e+02 1.134009482732823813e+02
2.769252978527020446e+02 1.159118202301250875e+02
2.819881713982962879e+02 4.652493040854859032e+02
4.111919213303998504e+02 3.076822985323715329e+02
3.055385776281110566e+02 1.059414063460367288e+02
3.430566819341169094e+02 4.264843228494543155e+02
4.100142647461370302e+02 3.148819562955563356e+02
3.590031693646519102e+02 4.122499337694595170e+02
1.674749038117278133e+02 3.251276468306554648e+02
3.416957689240159084e+02 1.869341433704864528e+02
3.172625015040029552e+02 1.058364288523411147e+02
2.601287056608484249e+02 1.365566136273599795e+02
4.366658012666100603e+02 2.783741178013540321e+02
1.832554762395238868e+02 3.254061275394773816e+02
4.035651156820006236e+02 2.631599774125514841e+02
3.177232502017650404e+02 4.357767226106928433e+02
3.663900228909106431e+02 4.128537331614323875e+02
3.706309147822505565e+02 4.143212595864129071e+02
4.170255460366911962e+02 3.184525754899767662e+02
3.859574002360817531e+02 3.504271892784508964e+02
3.438696653812882005e+02 4.327606341888354677e+02
2.379850894172891458e+02 1.866711177812795199e+02
2.753394712260298434e+02 1.082279377269124154e+02
2.358720257387504944e+02 1.803648106965762565e+02
3.241629375144581786e+02 4.371570036339792864e+02
3.816118087848237224e+02 2.461299109392966216e+02
3.186766451308860155e+02 9.798155119923706025e+01
2.294223005463653067e+02 1.841350952948965016e+02
3.800670343583128670e+02 3.554591320792130205e+02
2.885550356945257704e+02 4.642668542200534603e+02
3.817775452840475623e+02 2.386194525350706499e+02
2.387720005060451172e+02 1.739467730603872440e+02
3.882983549188016354e+02 3.577582846798998730e+02
2.475238480554606042e+02 4.098668859325042035e+02
2.266543798436711938e+02 1.888184401499893568e+02
1.596363099058254420e+02 3.257724237694820317e+02
1.965795053210420349e+02 2.952781240522900816e+02
3.235224819050008023e+02 9.924883078425935423e+01
2.295245430263249773e+02 1.767602621298982797e+02
4.306870890325508299e+02 2.526055808609735891e+02
3.390974086982295717e+02 1.625513291443293724e+02
3.312252933304399107e+02 1.587664573663809051e+02
2.128506890408754373e+02 2.182334192901116410e+02
2.395594175142118729e+02 4.018757826094945926e+02
2.541291770957538745e+02 4.135256118476178244e+02
2.699647449479115835e+02 1.045324134001410243e+02
2.229131976920017735e+02 1.735307632224231611e+02
3.907777021129536479e+02 3.650735976061121164e+02
2.069097591886443297e+02 2.135711040747210916e+02
3.929578784404860130e+02 3.529665487456267670e+02
3.767651792997330062e+02 4.140631274981285515e+02
2.358656467443736631e+02 4.087663811985058260e+02
2.627185715006718283e+02 1.262777631651038206e+02
2.736570582049974973e+02 9.758448887155643092e+01
3.950865693431678096e+02 3.578051034036795386e+02
1.711518815970720198e+02 3.322187524018155500e+02
3.220641611061164440e+02 1.235876215663545707e+02
1.842662707330607361e+02 3.039024217429296755e+02
1.528569513736907197e+02 3.237035183261148177e+02
3.434505218010675094e+02 1.562806566273047792e+02
4.204324235079442929e+02 3.230634558797779050e+02
2.072643051006988344e+02 3.477893140278453075e+02
2.796246965143029115e+02 9.289668595770753257e+01
1.463043069779157861e+02 3.277869225936783550e+02
1.429284547656190796e+02 3.330112910681267522e+02
2.812502232599098875e+02 8.552928473461106762e+01
1.802322340967552634e+02 2.974615053052296503e+02
3.516310965605578076e+02 4.309278954267849713e+02
2.051336296750941415e+02 2.076454477727251060e+02
2.564412580297117756e+02 4.202253311274855605e+02
1.471428389110999717e+02 3.372111024486040947e+02
2.687914896360799162e+02 1.199884049657754730e+02
3.298373862654813706e+02 9.489134385587441045e+01
2.517095838105440464e+02 4.243195481526000776e+02
