4.304823206003663927e+02 4.933362471120565118e+01
4.706257573310561497e+02 3.710617132003129086e+02
4.195806860545038148e+02 1.529070951978367816e+02
3.209847173203398256e+02 -7.439454764771344486e+00
8.154466809550342532e+01 5.041715324920027115e+02
1.629349615442963284e+02 2.998933447242669672e+02
4.800283034541295137e+02 3.601038391413769801e+01
4.671023815161250354e+02 3.172412255486778463e+02
2.472009308128395162e+02 7.645161870187936870e+01
1.331155738042234304e+02 2.945641384953332818e+02
1.027209947796175271e+02 8.818315434821153431e+00
3.286039926956230488e+02 1.408838167001638730e+01
4.797048915103074478e+02 1.417627919539026848e+01
5.138481163231783739e+02 4.658175902860873521e+02
4.959804836922294271e+02 4.641409085001442918e+02
6.268308915510114332e+01 2.750449199605467356e+02
8.691805740544147341e+01 5.943697277372195487e+01
4.554551033233105386e+02 5.080171344963510478e+02
9.509845851891957125e+01 1.959764935748601999e+02
4.179515165473881098e+02 1.054381390149336966e+02
4.708275739163140088e+02 8.911089417277906488e-01
4.071018178271304464e+02 4.070098977232581774e+02
4.212882438012545094e+02 1.847247570250851822e+01
4.010689673929743435e+02 1.324723996516709121e+02
1.726081402860664014e+02 4.828105770666931562e+02
1.313077423759288820e+02 -5.790305983616820029e+00
3.289192439979535720e+02 3.800412528467241202e+01
4.205669965669841304e+02 3.941538088924483532e+02
5.013395409728055938e+02 7.349668985314237091e+01
4.348154635695065195e+01 2.611301868456822035e+02
